wp1 = 28.468772344967554,77.53801532669809,198
wp2 = 28.468995493868242,77.53812865002897,198
wp3 = 28.469080376916477,77.53770150824334,198
wp4 = 28.46951466793185,77.53698735091803,198
